
kp: [0, 200, 200, 100, 100, 100, 100, 50, 50, 50, 50, 300, 300, 250, 100, 300, 300, 250, 100]

kd: [0, 20, 20, 10, 10, 10, 10, 5, 5, 5, 5, 30, 30, 25, 10, 30, 30, 25, 10]

default_target_theta: [0, 0.16682, 0.03457, 0.11743, 0.11914, 0.75355, 0.09288, 0.04206, 0.12818, 0.01178, 0.24638, 0.46487, -1.456, 1.37779, -0.3883, 0.46487, -1.456, 1.37779, -0.3883]
